RUN_GSSHA/Waiahole_FIM_EXAMPLE/Waiahole_FIM_Model.ele
north: 2376554.100000
south: 2375484.100000
east: 620075.500000
west: 618205.500000
rows: 107
cols: 187
[rows 27 to 53 of 107, columns 61 to 121 of 187]
0.000000 0.000000 0.000000 0.000000 0.000000 0.000000 0.000000 0.000000 0.000000 0.000000 0.000000 0.000000 0.000000 0.000000 0.000000 0.000000 0.000000 0.000000 0.000000 0.000000 0.000000 0.000000 0.000000 0.000000 0.000000 0.000000 0.000000 0.000000 0.000000 0.000000 1.872859 1.672688 1.610434 1.665260 1.700843 1.640096 1.574908 1.567255 1.393220 1.288420 1.673860 1.919056 1.792144 1.247668 1.154916 1.229730 1.694094 1.505876 1.582909 1.541794 1.329211 1.173164 1.176323 1.129320 1.090443 1.092276 0.961681 0.683950 0.268018 0.053824 0.034629
0.000000 0.000000 0.000000 0.000000 0.000000 0.000000 0.000000 0.000000 0.000000 0.000000 0.000000 0.000000 0.000000 0.000000 0.000000 0.000000 0.000000 0.000000 0.000000 0.000000 0.000000 0.000000 0.000000 0.000000 0.000000 0.000000 0.000000 0.000000 0.000000 0.000000 1.845621 1.852113 1.729581 1.751030 1.675382 1.611018 1.614133 1.480032 1.233546 1.867263 2.164290 1.794233 1.270333 1.176468 1.455439 1.531123 1.807432 1.456774 1.519221 1.358765 1.542296 1.388703 1.180513 1.104905 1.022817 0.989255 1.052086 1.143670 0.926350 0.399488 0.055831
0.000000 0.000000 0.000000 0.000000 0.000000 0.000000 0.000000 0.000000 0.000000 0.000000 0.000000 0.000000 0.000000 0.000000 0.000000 0.000000 0.000000 0.000000 0.000000 0.000000 0.000000 0.000000 0.000000 0.000000 0.000000 0.000000 0.000000 0.000000 0.000000 0.000000 1.799942 1.835774 1.775045 1.823962 1.595469 1.619113 1.490317 1.345270 1.892666 2.138706 1.818177 1.337469 1.106401 1.376200 1.581801 1.658534 1.526651 1.631893 1.704153 1.518710 1.424924 1.552716 1.431522 1.308410 1.068724 0.950759 1.213745 1.294972 1.386212 0.926991 0.595938
0.000000 0.000000 0.000000 0.000000 0.000000 0.000000 0.000000 0.000000 0.000000 0.000000 0.000000 0.000000 0.000000 0.000000 0.000000 0.000000 0.000000 0.000000 0.000000 0.000000 0.000000 0.000000 0.000000 0.000000 0.000000 0.000000 0.000000 0.000000 0.000000 0.000000 1.844621 1.929215 1.731206 1.816718 1.686262 1.495787 1.566619 2.056311 2.184613 1.888555 1.270959 1.175888 1.465392 1.718711 1.571863 1.468586 1.673035 2.778425 2.670628 1.709743 1.539396 1.489460 1.554044 1.402740 1.168992 1.051531 1.338069 1.390443 0.960954 0.841307 1.278117
0.000000 0.000000 0.000000 0.000000 0.000000 0.000000 0.000000 0.000000 0.000000 0.000000 0.000000 0.000000 0.000000 0.000000 0.000000 0.000000 0.000000 0.000000 0.000000 0.000000 0.000000 0.000000 0.000000 0.000000 0.000000 0.000000 0.000000 0.000000 0.000000 0.000000 1.944050 2.170915 2.024600 1.645173 1.445564 1.787770 2.442004 2.356206 1.779611 1.312270 1.552763 1.516397 1.631729 1.632561 1.663745 1.746664 1.807091 2.858357 2.951164 1.510259 1.177298 1.430322 1.495169 1.563949 1.415984 1.250304 1.214008 1.113137 0.892932 0.974778 1.208105
0.000000 0.000000 0.000000 0.000000 0.000000 0.000000 0.000000 0.000000 0.000000 0.000000 0.000000 0.000000 0.000000 0.000000 0.000000 0.000000 0.000000 0.000000 0.000000 0.000000 0.000000 0.000000 0.000000 0.000000 0.000000 0.000000 0.000000 0.000000 0.000000 0.000000 1.982685 2.356248 1.971740 1.405134 1.805743 2.529185 2.478160 1.803187 1.543328 2.018464 1.779333 1.777822 1.738192 1.767735 2.041890 2.312587 1.622567 1.433477 1.339342 1.474510 1.649526 1.506831 1.521293 1.301256 1.561622 1.539417 1.324420 0.955671 0.963046 1.044292 1.065061
0.000000 0.000000 0.000000 0.000000 0.000000 0.000000 0.000000 0.000000 0.000000 0.000000 0.000000 0.000000 0.000000 0.000000 0.000000 0.000000 0.000000 0.000000 0.000000 0.000000 0.000000 0.000000 0.000000 0.000000 0.000000 0.000000 0.000000 0.000000 0.000000 0.000000 1.796260 2.059749 1.569583 2.102518 2.677421 2.527534 1.687042 1.627037 2.150983 2.240837 2.032290 1.767166 1.815265 1.961668 2.479582 2.545611 1.787467 1.637727 2.189556 2.007755 1.802310 1.517720 1.482352 1.267862 1.273910 1.507972 1.598952 1.354972 0.884481 0.961670 1.047866
0.000000 0.000000 0.000000 0.000000 0.000000 0.000000 0.000000 0.000000 0.000000 0.000000 0.000000 0.000000 0.000000 0.000000 0.000000 0.000000 0.000000 0.000000 0.000000 0.000000 0.000000 0.000000 0.000000 0.000000 0.000000 0.000000 0.000000 0.000000 0.000000 0.000000 1.840832 1.813274 2.516692 2.586658 2.541595 1.637277 1.955933 2.287270 2.322259 2.060498 1.741060 1.748219 1.676242 1.816525 2.704344 2.064451 2.230057 3.118647 2.650221 2.224037 1.909674 1.308635 1.292966 1.123546 1.016522 1.064890 1.373962 1.572327 1.335544 1.143425 1.099890
0.000000 0.000000 0.000000 0.000000 0.000000 0.000000 0.000000 0.000000 0.000000 0.000000 0.000000 0.000000 0.000000 0.000000 0.000000 0.000000 0.000000 0.000000 0.000000 0.000000 0.000000 0.000000 0.000000 0.000000 0.000000 0.000000 0.000000 0.000000 0.000000 0.000000 3.385401 2.372166 1.848264 1.977196 1.802267 2.371215 2.402439 2.365375 1.967034 1.733289 1.619341 1.779471 1.653290 1.471043 1.656036 2.011707 2.142450 3.115958 2.803263 2.287642 1.979552 1.633564 1.140796 1.078727 1.117972 1.167378 0.984970 1.378977 1.570890 1.407500 1.220198
0.000000 0.000000 0.000000 0.000000 0.000000 0.000000 0.000000 0.000000 0.000000 0.000000 0.000000 0.000000 0.000000 0.000000 0.000000 0.000000 0.000000 0.000000 0.000000 0.000000 0.000000 0.000000 0.000000 0.000000 0.000000 0.000000 0.000000 0.000000 0.000000 0.000000 3.822954 3.729181 2.910596 2.017999 2.402316 2.385294 2.115369 2.082226 1.874006 1.654009 1.793751 1.710594 2.182672 1.373984 1.140478 1.310133 1.952022 2.900362 2.377165 2.082290 1.781051 1.737852 1.316786 1.282030 1.181918 1.211272 1.051916 1.143302 1.300160 1.533544 1.499319
0.000000 0.000000 0.000000 0.000000 0.000000 0.000000 0.000000 0.000000 0.000000 0.000000 0.000000 0.000000 0.000000 0.000000 0.000000 0.000000 0.000000 0.000000 0.000000 0.000000 0.000000 0.000000 0.000000 0.000000 0.000000 0.000000 0.000000 0.000000 0.000000 0.000000 4.562078 4.027791 3.932743 3.422655 2.590932 2.141160 2.213897 2.089169 2.069986 1.946785 1.842966 1.695253 1.715856 1.390515 1.229784 1.185635 1.551519 2.442541 2.251944 2.100971 1.824995 1.565244 1.305693 1.288473 1.187888 1.140519 1.026469 1.562258 1.669832 1.452805 1.498047
0.000000 0.000000 0.000000 0.000000 0.000000 0.000000 0.000000 0.000000 0.000000 0.000000 0.000000 0.000000 0.000000 0.000000 0.000000 0.000000 0.000000 0.000000 0.000000 0.000000 0.000000 0.000000 0.000000 0.000000 0.000000 0.000000 0.000000 0.000000 0.000000 0.000000 8.216688 6.274441 4.555902 3.872114 2.865472 2.446881 2.485006 2.503862 2.215613 1.992109 1.839132 1.745296 1.730224 1.554560 1.424735 1.419051 2.490631 2.703020 2.237054 2.286977 1.863752 1.564939 1.290343 1.424577 1.342563 1.099161 1.270622 1.534662 1.536991 1.480011 1.489165
0.000000 0.000000 0.000000 0.000000 0.000000 0.000000 0.000000 0.000000 0.000000 0.000000 0.000000 0.000000 0.000000 0.000000 0.000000 0.000000 0.000000 0.000000 0.000000 0.000000 0.000000 0.000000 0.000000 0.000000 0.000000 0.000000 0.000000 0.000000 0.000000 13.116714 13.019497 11.796717 9.167893 4.306458 3.039060 3.150478 3.025641 2.704450 2.283184 2.057031 1.844295 1.800991 1.669308 1.565520 1.571193 1.621363 2.488534 2.423517 2.201216 2.176904 1.741429 1.665160 1.406578 1.443597 1.307814 0.972259 1.317390 1.529257 1.467480 1.504771 1.550291
0.000000 0.000000 0.000000 0.000000 0.000000 0.000000 0.000000 0.000000 0.000000 0.000000 0.000000 0.000000 0.000000 0.000000 0.000000 0.000000 0.000000 0.000000 0.000000 0.000000 0.000000 0.000000 0.000000 0.000000 0.000000 0.000000 0.000000 0.000000 0.000000 13.436110 13.544573 13.741157 12.408633 8.013954 3.423250 3.424518 3.321610 2.876165 2.244636 1.776552 1.597519 1.894696 1.461363 1.532943 1.567926 1.700196 1.984996 2.346002 2.363607 1.775636 1.694196 1.398206 1.482541 1.625921 1.133875 1.123327 1.207580 1.377147 1.572492 1.459506 1.754836
0.000000 0.000000 0.000000 0.000000 0.000000 0.000000 0.000000 0.000000 0.000000 0.000000 0.000000 0.000000 0.000000 0.000000 0.000000 0.000000 0.000000 0.000000 0.000000 0.000000 0.000000 0.000000 0.000000 0.000000 0.000000 0.000000 0.000000 13.933465 13.932563 13.896258 13.840324 13.792117 13.446383 10.489180 5.085343 3.968154 4.035781 3.185459 2.109145 1.763787 1.542606 1.481090 1.531537 1.602970 1.583758 1.514079 1.471613 1.437633 1.516207 1.844849 1.469323 1.470235 1.517657 1.209119 1.298705 1.221173 1.286101 1.393973 1.565629 1.512194 1.804722
0.000000 0.000000 0.000000 0.000000 0.000000 0.000000 0.000000 0.000000 0.000000 0.000000 0.000000 0.000000 0.000000 0.000000 0.000000 0.000000 0.000000 0.000000 0.000000 0.000000 0.000000 0.000000 0.000000 0.000000 0.000000 0.000000 14.058803 14.120141 14.177404 14.568783 14.449226 14.126877 13.779240 12.563442 9.527709 5.330329 4.926448 3.458690 2.442834 2.070750 1.732822 1.652985 1.567873 1.548795 1.599458 1.587516 1.482941 1.248462 1.384964 1.446342 1.581724 1.503859 1.498189 1.134192 1.456121 1.495021 1.454376 1.343724 1.545172 1.817666 1.948285
0.000000 0.000000 0.000000 0.000000 0.000000 0.000000 0.000000 0.000000 0.000000 0.000000 0.000000 0.000000 0.000000 0.000000 0.000000 0.000000 0.000000 0.000000 0.000000 0.000000 0.000000 0.000000 0.000000 0.000000 0.000000 14.360355 14.360353 14.243459 14.221742 14.736593 14.768724 14.478292 14.274547 14.312562 13.111131 9.282180 5.880131 4.408610 2.968629 2.183684 2.111587 1.903814 1.738881 1.696212 1.561519 1.620209 1.530908 1.291537 1.407246 1.493480 1.476008 1.445854 1.288295 1.252685 1.267002 1.718450 1.562011 1.555989 1.413089 2.046372 2.123326
0.000000 0.000000 0.000000 0.000000 0.000000 0.000000 0.000000 0.000000 0.000000 0.000000 0.000000 0.000000 0.000000 0.000000 0.000000 0.000000 0.000000 0.000000 0.000000 0.000000 0.000000 0.000000 0.000000 0.000000 14.804606 14.739634 14.655375 14.409106 14.337926 14.787442 14.821014 15.055053 15.109776 14.891522 14.685925 13.183418 8.536756 6.027285 4.464777 3.012590 2.336155 2.217200 1.865289 1.716250 1.696427 1.588886 1.508766 1.320211 1.436512 1.559362 1.508036 1.471835 1.259349 1.421106 1.373653 1.287116 1.384484 1.518683 1.681620 2.199298 2.191265
0.000000 0.000000 0.000000 0.000000 0.000000 0.000000 0.000000 0.000000 0.000000 0.000000 0.000000 0.000000 0.000000 0.000000 0.000000 0.000000 0.000000 0.000000 0.000000 0.000000 0.000000 0.000000 15.320348 15.417500 15.142996 14.977125 14.899303 14.664687 14.620606 14.802756 14.921800 14.897007 14.959599 14.985690 14.981732 14.711592 11.772981 9.109494 6.268620 4.896728 3.980401 2.803039 2.123897 2.034394 1.951968 1.744059 1.632213 1.432144 1.482092 1.467874 1.546240 1.471773 1.476375 1.337486 1.519823 1.386392 1.477839 1.521774 2.047601 2.274072 2.284900
0.000000 0.000000 0.000000 0.000000 0.000000 0.000000 0.000000 0.000000 0.000000 0.000000 0.000000 0.000000 0.000000 0.000000 0.000000 0.000000 0.000000 19.312784 18.747286 18.086845 17.710911 16.722412 16.150221 15.948892 15.555174 15.289825 15.345336 15.226203 15.082845 14.963173 14.842838 14.824855 15.625491 15.574890 14.867252 14.877893 14.718423 13.054688 11.089577 7.918400 6.446062 4.755114 3.357237 2.882516 2.646792 2.006902 1.774460 1.550755 1.468670 1.475955 1.354392 1.575993 1.402611 1.534795 1.575011 1.575919 1.777170 1.793537 2.459655 2.294707 2.361606
0.000000 0.000000 0.000000 0.000000 0.000000 0.000000 0.000000 0.000000 0.000000 0.000000 0.000000 0.000000 20.443172 20.248278 20.100950 20.150501 20.025517 19.773664 19.342808 18.729883 18.178871 17.928070 17.127388 16.396894 16.057308 16.068100 15.862214 15.545683 15.414013 15.270622 15.019959 15.027120 16.323929 16.209202 15.000543 15.097878 15.259829 15.071411 14.631589 13.115414 12.100820 10.696849 7.458621 5.053765 3.581451 2.758038 2.535280 2.093199 1.856945 1.511408 1.470394 1.502710 1.471601 1.486156 1.620746 1.656518 1.821656 2.115590 2.438750 2.388579 2.476586
0.000000 0.000000 0.000000 0.000000 0.000000 0.000000 0.000000 22.241106 21.856464 21.347576 20.759535 20.589088 20.485600 20.365494 20.157841 20.067850 19.903120 19.807203 19.428097 18.953997 18.632826 18.281120 17.831532 16.875370 16.547472 16.532391 16.186335 15.837029 15.704926 15.541337 15.349387 15.300667 15.649591 15.823792 15.391220 15.551969 15.421243 15.359578 15.233090 15.022433 13.874968 14.235398 13.022778 9.971283 6.678368 4.389463 3.145259 2.682234 2.593680 2.354664 2.088181 1.980652 1.737993 1.681709 1.673561 1.688149 1.756973 2.206573 2.608017 2.419490 2.508908
0.000000 0.000000 22.273697 22.252626 22.243216 22.227308 22.271420 22.113234 21.828604 21.305250 20.334808 20.319803 20.380478 20.337776 20.168865 20.030468 19.818848 19.688898 19.342770 19.069269 18.711023 18.413479 18.259623 17.444702 16.864841 16.754446 16.447012 16.149080 16.039122 15.895521 15.653630 15.622575 15.931893 15.853672 15.776363 15.854919 15.618901 15.567447 15.483391 15.480556 15.192470 15.162666 15.030910 14.490229 12.945845 10.060621 7.358083 4.520760 3.094715 2.742006 2.605767 2.626778 2.548202 2.436834 2.262516 2.214573 2.199088 2.912219 3.438612 3.017666 2.572187
22.897665 22.381536 21.994678 21.882677 21.936581 21.874844 21.958431 21.648617 21.470713 21.057585 20.322281 20.286444 20.269398 20.211344 20.110590 19.835934 19.632181 19.384350 19.100067 18.840164 18.602573 18.635729 18.408142 17.828934 17.224018 16.928059 16.708675 16.412968 16.280340 16.132200 15.944307 15.919843 16.321070 16.072824 15.975718 15.927515 15.762525 15.667508 15.740562 15.670112 15.511399 15.401317 15.147867 14.969894 14.721510 13.709255 12.694613 9.637897 6.725887 5.165417 4.315380 3.516827 3.131656 3.010111 2.930497 3.048640 3.166004 3.107917 3.351623 3.257458 3.195513
22.452080 22.075495 21.744038 21.739969 21.820492 21.823862 21.685236 21.546988 21.208027 20.895046 20.426231 20.339993 20.228134 19.910095 19.661406 19.226149 19.041874 18.831367 18.638210 18.442595 18.325621 18.385431 18.388885 17.805775 17.433054 17.047623 16.785604 16.681419 16.685287 16.431742 16.205894 16.078680 16.140162 16.186874 16.219690 16.182163 16.112730 16.006542 15.901948 15.811932 15.708240 15.428286 15.172978 14.916625 14.646290 14.354912 14.283627 13.706870 12.258671 10.927679 10.045339 7.673540 6.109236 5.609777 4.358410 4.186098 4.307530 4.227557 3.318577 3.318762 3.370299
22.080374 21.748331 21.419910 21.327475 20.754087 20.703674 21.053825 21.111416 20.823448 20.546680 20.431152 20.106867 19.784550 19.505054 19.066113 18.741688 18.440819 18.148497 18.072409 18.098820 17.876511 17.860695 17.981087 17.586731 17.308943 16.998760 16.844913 16.749773 16.765789 16.638783 16.297981 16.222729 16.317961 16.316607 16.353374 16.460447 16.519518 16.375805 16.065086 15.970251 15.801775 15.437554 15.047703 14.681776 14.509886 14.289153 14.143005 13.805098 13.421437 13.018850 12.570595 12.022075 11.053459 8.261513 8.171924 7.847091 8.101052 6.201105 3.753403 3.359464 3.468434
21.553772 21.371853 21.057442 20.998983 20.470350 19.988836 20.496836 20.649508 20.533047 20.443155 20.421507 19.871256 19.254559 18.804073 18.502041 18.308186 17.899021 17.630081 17.634403 17.631773 17.469841 17.304247 17.297321 17.350302 17.141455 16.971460 16.905045 16.804268 16.926052 17.111191 16.589205 16.313963 16.536945 16.400930 16.414078 16.578756 16.543421 16.576509 16.477997 16.022041 15.699026 15.299584 14.945004 14.554765 14.421679 14.232014 14.082247 13.790602 13.485926 13.154860 12.754939 12.347253 12.135725 11.372661 11.277781 10.986238 10.829112 9.503360 7.232909 5.161371 3.981927
