RUN_GSSHA/Waiahole_FIM_EXAMPLE/Waiahole_FIM_Model.ele
north: 2376554.100000
south: 2375484.100000
east: 620075.500000
west: 618205.500000
rows: 107
cols: 187
[rows 54 to 80 of 107, columns 0 to 60 of 187]
0.000000 0.000000 0.000000 0.000000 0.000000 0.000000 0.000000 0.000000 0.000000 0.000000 0.000000 0.000000 0.000000 0.000000 0.000000 0.000000 0.000000 0.000000 0.000000 0.000000 0.000000 0.000000 0.000000 0.000000 0.000000 0.000000 0.000000 0.000000 0.000000 0.000000 0.000000 0.000000 0.000000 0.000000 0.000000 0.000000 0.000000 0.000000 0.000000 0.000000 0.000000 0.000000 0.000000 0.000000 0.000000 0.000000 0.000000 0.000000 0.000000 0.000000 0.000000 24.510376 24.030556 23.530886 23.101639 22.742414 22.421806 22.157581 21.827280 21.486586 21.334354
0.000000 0.000000 0.000000 0.000000 0.000000 0.000000 0.000000 0.000000 0.000000 0.000000 0.000000 0.000000 0.000000 0.000000 0.000000 0.000000 0.000000 0.000000 0.000000 0.000000 0.000000 0.000000 0.000000 0.000000 0.000000 0.000000 0.000000 0.000000 0.000000 0.000000 0.000000 0.000000 0.000000 0.000000 0.000000 0.000000 0.000000 0.000000 0.000000 0.000000 0.000000 0.000000 0.000000 0.000000 0.000000 0.000000 0.000000 0.000000 0.000000 25.833996 24.657629 23.918308 23.509106 23.075060 22.672628 22.352699 21.977425 21.637444 21.340225 21.036745 20.926371
0.000000 0.000000 0.000000 0.000000 0.000000 0.000000 0.000000 0.000000 0.000000 0.000000 0.000000 0.000000 0.000000 0.000000 0.000000 0.000000 0.000000 0.000000 0.000000 0.000000 0.000000 0.000000 0.000000 0.000000 0.000000 0.000000 0.000000 0.000000 0.000000 0.000000 0.000000 0.000000 0.000000 0.000000 0.000000 0.000000 0.000000 0.000000 0.000000 0.000000 0.000000 0.000000 0.000000 0.000000 0.000000 0.000000 0.000000 26.863398 26.806158 25.818605 24.061663 23.391350 22.963089 22.568346 22.276878 22.198143 21.620382 21.343990 21.123396 21.008940 20.609520
0.000000 0.000000 0.000000 0.000000 0.000000 0.000000 0.000000 0.000000 0.000000 0.000000 0.000000 0.000000 0.000000 0.000000 0.000000 0.000000 0.000000 0.000000 0.000000 0.000000 0.000000 0.000000 0.000000 0.000000 0.000000 0.000000 0.000000 0.000000 0.000000 0.000000 0.000000 0.000000 0.000000 0.000000 0.000000 0.000000 0.000000 0.000000 0.000000 0.000000 0.000000 0.000000 0.000000 0.000000 0.000000 0.000000 27.187990 26.137285 25.442101 25.406086 23.928558 23.090553 22.556845 22.200109 22.036148 21.841112 21.376225 21.115366 20.707319 20.407681 20.225607
0.000000 0.000000 0.000000 0.000000 0.000000 0.000000 0.000000 0.000000 0.000000 0.000000 0.000000 0.000000 0.000000 0.000000 0.000000 0.000000 0.000000 0.000000 0.000000 0.000000 0.000000 0.000000 0.000000 0.000000 0.000000 0.000000 0.000000 0.000000 0.000000 0.000000 0.000000 0.000000 0.000000 0.000000 0.000000 0.000000 0.000000 0.000000 0.000000 0.000000 0.000000 0.000000 0.000000 0.000000 0.000000 26.265261 25.665983 25.377653 24.646650 23.839382 23.347723 22.647644 22.140827 21.872946 21.619335 21.486637 20.960447 20.726076 20.488447 20.183468 19.782219
0.000000 0.000000 0.000000 0.000000 0.000000 0.000000 0.000000 0.000000 0.000000 0.000000 0.000000 0.000000 0.000000 0.000000 0.000000 0.000000 0.000000 0.000000 0.000000 0.000000 0.000000 0.000000 0.000000 0.000000 0.000000 0.000000 0.000000 0.000000 0.000000 0.000000 0.000000 0.000000 0.000000 0.000000 0.000000 0.000000 0.000000 0.000000 0.000000 0.000000 0.000000 0.000000 0.000000 25.958542 25.734200 25.265696 24.562263 24.731127 23.985624 23.332319 22.827286 22.352831 21.924797 21.658527 21.403406 21.039787 20.613819 20.230751 19.892199 19.478931 19.040792
0.000000 0.000000 0.000000 0.000000 0.000000 0.000000 0.000000 0.000000 0.000000 0.000000 0.000000 0.000000 0.000000 0.000000 0.000000 0.000000 0.000000 0.000000 0.000000 0.000000 0.000000 0.000000 0.000000 0.000000 0.000000 0.000000 0.000000 0.000000 0.000000 0.000000 0.000000 0.000000 0.000000 0.000000 0.000000 0.000000 0.000000 0.000000 0.000000 0.000000 0.000000 0.000000 25.123186 24.728140 24.488937 23.839575 24.064880 23.501728 23.027237 22.856543 22.332525 22.021942 21.700438 21.228247 20.609890 19.894289 19.235437 18.543087 17.947878 17.279247 16.315998
0.000000 0.000000 0.000000 0.000000 0.000000 0.000000 0.000000 0.000000 0.000000 0.000000 0.000000 0.000000 0.000000 0.000000 0.000000 0.000000 0.000000 0.000000 0.000000 0.000000 0.000000 0.000000 0.000000 0.000000 0.000000 0.000000 0.000000 0.000000 0.000000 0.000000 0.000000 0.000000 0.000000 0.000000 0.000000 0.000000 0.000000 0.000000 0.000000 0.000000 0.000000 23.482660 23.309427 23.149721 23.237942 23.436392 23.083643 22.045027 22.187922 21.987411 21.637276 21.642378 21.341866 21.025492 19.956022 18.033291 16.674957 16.072319 15.534553 15.102498 13.656439
0.000000 0.000000 0.000000 0.000000 0.000000 0.000000 0.000000 0.000000 0.000000 0.000000 0.000000 0.000000 0.000000 0.000000 0.000000 0.000000 0.000000 0.000000 0.000000 0.000000 0.000000 0.000000 23.464041 23.354015 22.546949 23.459177 26.392458 28.010406 28.324232 27.922441 27.394691 27.244297 26.647738 0.000000 0.000000 0.000000 0.000000 0.000000 0.000000 0.000000 0.000000 22.772997 22.765636 22.740923 22.840717 22.803196 21.690615 21.608740 21.682875 21.393450 21.289465 21.180819 20.923820 20.598316 19.591286 15.731806 15.017653 14.499961 14.157857 13.619714 12.698790
0.000000 0.000000 0.000000 0.000000 0.000000 0.000000 0.000000 0.000000 0.000000 0.000000 0.000000 0.000000 0.000000 0.000000 0.000000 0.000000 28.262300 25.425138 22.716339 21.927628 21.827707 21.683296 22.244562 22.104553 21.970276 22.260141 23.659409 26.483068 27.400743 26.862141 26.085785 25.874628 24.055382 23.152128 22.600014 22.502218 22.544395 22.538849 22.528036 22.446646 22.294106 22.102322 21.890638 21.921947 21.873743 21.719564 21.188547 21.302923 21.144213 20.808586 20.443764 20.553682 20.298357 19.608530 17.398134 14.276592 13.550888 13.280496 12.835808 12.389354 12.055265
0.000000 0.000000 0.000000 0.000000 0.000000 0.000000 0.000000 0.000000 0.000000 0.000000 0.000000 0.000000 0.000000 32.413273 31.801481 31.306749 30.343407 27.833813 25.400412 23.419127 21.735382 21.101833 21.084484 21.441860 21.973864 22.187872 22.192520 22.749880 23.818541 24.220249 23.454922 22.477869 22.297743 22.411419 22.544449 22.674824 22.509394 22.447609 22.062052 21.860376 21.619789 21.605423 21.630880 21.714624 21.662331 20.883432 20.426271 20.247042 19.929609 19.664324 19.270607 18.996788 18.281681 16.286011 14.213095 12.909640 12.247104 12.184385 11.971951 11.785713 11.558434
0.000000 0.000000 0.000000 0.000000 0.000000 0.000000 0.000000 0.000000 0.000000 0.000000 0.000000 33.405323 32.948509 32.492996 32.193813 31.864971 31.614182 30.692736 29.626131 27.507330 25.072281 23.627243 22.601341 21.451670 20.933357 21.831041 22.019655 21.950609 21.922424 21.749378 21.662146 22.228828 23.325258 23.263029 22.956564 22.627838 22.485771 22.357023 21.968626 21.730272 21.555231 21.371723 21.347517 21.336823 21.343040 20.183727 19.058836 17.557341 16.225449 16.255568 15.199198 14.901952 14.649304 13.230022 12.204898 12.037080 11.816989 11.784692 11.784575 11.754169 11.653601
0.000000 0.000000 0.000000 0.000000 0.000000 0.000000 0.000000 0.000000 35.102032 34.038109 33.328266 32.721031 32.357285 32.032223 31.743263 31.569431 31.240171 30.881859 30.319748 29.172213 28.022451 26.373041 24.966545 22.756542 20.345613 20.071844 21.273317 21.110941 20.971256 21.178934 22.517900 23.823732 23.725922 23.424112 23.005423 22.690344 22.488810 22.257113 21.941027 21.631704 21.496059 21.425549 21.426495 21.398865 21.372980 20.137989 18.048056 15.693493 15.093591 14.560631 13.597961 12.613050 12.209989 12.142607 12.040073 11.984899 11.764636 11.657355 11.548613 11.517562 11.691743
0.000000 0.000000 0.000000 0.000000 0.000000 0.000000 34.723190 34.160538 33.173950 32.214294 32.010818 31.019812 30.971073 30.783592 30.557104 30.403749 30.247557 29.457340 28.827927 28.041056 27.182360 26.512472 26.129293 24.204782 22.163774 20.112114 20.222832 20.599468 20.751234 22.117760 23.800205 23.854652 23.702705 23.417988 23.070475 22.766417 22.446684 22.078007 21.874027 21.744362 21.750599 21.793118 21.555058 21.398569 21.169043 20.148577 19.320932 17.401196 15.173779 14.357381 12.823159 12.151258 12.101238 12.042302 11.935518 11.883396 11.630676 11.667327 11.499198 11.401756 11.551577
0.000000 0.000000 0.000000 0.000000 32.637405 32.121143 31.706390 31.037827 31.181417 30.521635 29.891584 29.510509 29.373755 29.293818 28.786499 27.789835 27.156227 25.862442 25.426167 25.275753 25.082666 25.196295 24.798952 24.186430 22.477747 20.743383 20.460012 20.137131 19.695799 21.987024 23.750433 23.794754 23.657053 23.434347 23.142782 22.880608 22.589769 22.284288 22.118071 21.943848 21.850801 21.786489 21.645430 21.373276 20.737083 19.907692 19.341373 18.896816 17.382788 14.661643 13.109003 12.098425 12.077806 12.078233 11.931232 11.923988 11.714187 11.863499 11.679545 11.517627 11.554974
0.000000 0.000000 0.000000 31.094343 30.387630 29.506405 29.191158 28.725353 28.652340 28.438196 28.251629 27.837404 27.568878 26.414124 25.441206 24.492287 23.995981 23.610041 23.209927 22.798874 22.437569 22.070709 21.787510 21.460001 20.997890 20.447882 20.099937 18.451656 17.598057 18.929430 23.097395 23.731075 23.587664 23.469593 23.282089 22.991636 22.713356 22.443308 22.282896 22.114277 22.009825 21.765379 21.533457 21.162935 20.210115 19.225372 17.893633 17.530674 16.613201 14.493304 12.777362 12.209651 12.072732 12.100206 12.019101 11.867317 11.862693 11.739024 11.779467 12.112682 12.179818
0.000000 30.647255 29.861471 29.378130 28.827450 28.093390 27.872175 27.562691 27.186295 26.810265 26.263399 25.939888 25.714653 25.286125 24.622461 23.591822 22.851315 21.881697 21.029114 21.404491 21.361969 21.388912 20.681526 20.352972 19.494181 19.083746 18.005522 17.718882 16.652237 17.514130 21.363455 23.651175 23.665447 23.562853 23.379753 23.280491 23.200394 22.646585 22.535868 22.311028 21.932159 21.752436 21.353703 20.108044 18.667807 17.132851 16.068459 15.087956 14.218319 13.175919 12.705474 12.444859 12.045595 12.102651 12.065193 11.932205 12.149119 11.410895 11.449316 11.831586 13.878648
0.000000 29.168144 28.711538 28.267828 27.643902 27.032154 26.723114 26.435745 26.346298 26.230379 26.039383 25.692801 25.096790 23.916935 21.775154 20.375275 19.063602 18.677801 18.048733 17.259609 17.216934 17.768923 17.668301 17.273966 17.173767 17.319515 17.438673 17.362207 16.344000 16.892328 19.642355 22.971270 23.603104 23.500553 23.380617 23.263626 23.150461 22.773054 22.568712 22.344776 21.886080 21.399734 19.757887 18.431210 16.891644 15.702794 14.647839 13.529749 13.166320 12.862738 12.701507 12.540960 12.191776 12.054591 12.040073 11.999238 11.990112 11.336659 11.905690 11.397882 11.685304
0.000000 0.000000 27.243465 26.997816 26.732687 26.639559 26.528645 26.380680 26.240980 25.820353 25.028440 24.001232 22.844481 20.836201 19.200977 18.507135 17.728888 17.172308 16.399483 16.390686 15.970875 15.638154 15.581884 15.473160 15.503425 16.032515 16.383139 16.075531 15.463025 15.752128 17.718437 19.053690 22.118093 23.516554 23.491991 23.201307 23.025658 22.765116 22.394375 21.863327 20.847134 19.312798 18.221478 16.960732 15.881683 15.263596 14.299254 13.217817 13.050559 12.852443 12.674279 12.538982 12.294032 11.948209 11.972191 11.989508 12.040478 11.929264 12.045868 12.068121 11.402774
0.000000 0.000000 27.020933 26.908699 26.751717 26.631180 26.116421 25.877085 25.470364 24.698547 23.464851 21.750914 20.405979 18.429600 17.764593 16.805347 16.723419 16.460424 16.326473 16.301197 16.025465 15.899669 15.767227 15.471333 15.462053 14.948450 15.285278 14.632360 14.430405 14.669526 15.330287 16.570181 19.328814 22.376127 23.214151 23.114056 22.916512 22.351904 20.035892 19.421719 18.638140 18.126394 17.211229 16.138870 15.293842 14.785287 14.057091 13.198090 12.988018 12.876717 12.665269 12.391569 12.123363 11.903734 11.832659 11.799763 11.851920 12.140158 11.772540 12.549743 11.429630
0.000000 0.000000 0.000000 26.794121 25.758589 24.397186 23.906727 24.680178 23.782310 21.905277 20.766916 19.472124 18.434200 17.586018 17.253553 17.204287 16.973091 16.700916 16.431564 16.449266 16.126928 15.892167 15.831867 15.357926 15.565859 14.632109 15.565606 15.416659 15.128040 14.928808 14.667168 14.222385 15.758163 18.623568 21.299227 22.225185 21.894993 20.415026 19.269060 19.007086 18.152679 17.527439 16.441896 15.262605 14.534551 13.876510 13.302940 13.128541 12.960273 12.776974 12.486211 12.156546 11.942198 11.926494 11.759868 11.323366 11.445844 12.373600 11.512679 11.342772 11.958396
0.000000 0.000000 0.000000 23.531898 20.471624 19.232630 20.095324 19.868713 19.446398 18.808105 18.749746 18.120205 17.493977 17.840729 17.855436 16.511375 16.113123 15.822553 16.264330 16.752607 15.988566 15.476508 15.129020 15.714839 15.762177 15.774315 15.808315 15.740985 15.690719 15.718454 15.042274 14.225079 13.791217 15.391834 16.989702 19.792856 20.181759 19.311939 18.676607 18.151407 17.554529 17.166590 15.432015 14.263305 13.706879 13.484481 13.233323 13.013010 12.633601 12.308790 12.108322 11.940512 11.964807 11.919038 11.926746 11.533226 11.159420 11.411355 11.268834 11.586679 12.816442
0.000000 0.000000 0.000000 0.000000 18.439787 18.531185 18.541077 18.147425 17.556065 17.942831 17.908064 17.285589 17.289980 16.685570 16.369280 16.288139 16.157114 15.582257 15.426562 15.364964 15.138336 15.197547 15.876429 16.052008 16.218060 16.115656 15.879502 15.813998 15.775693 15.762423 15.263132 14.626252 14.248514 13.820938 15.049157 16.510241 18.449030 18.566710 17.772194 17.270735 17.252718 16.852491 14.611037 13.547535 13.350333 13.172660 12.941356 12.614236 12.359924 12.212018 12.071491 12.049319 11.925638 12.020843 12.069394 11.242538 11.404276 11.480972 11.490747 12.211540 12.541965
0.000000 0.000000 0.000000 0.000000 18.670654 18.561125 18.265450 18.226879 17.741512 17.616753 17.582735 17.479788 16.980083 16.509569 16.680763 16.434259 16.372778 16.607513 16.479479 16.336109 15.796809 15.869618 15.895425 15.919196 16.148636 15.736308 15.610469 15.521195 15.534060 15.235916 15.219646 14.797165 15.011004 13.700226 13.861788 14.307957 14.878448 16.106901 15.766834 15.448371 16.135202 14.848305 13.416856 13.241509 12.932463 12.785952 12.649239 12.488548 12.373929 12.288165 12.172717 12.088455 12.107639 11.783489 11.519926 11.483134 11.679840 11.838212 11.825623 12.203456 11.979487
0.000000 0.000000 0.000000 0.000000 0.000000 18.632414 18.492521 18.550940 18.035940 17.677753 17.514832 17.035362 16.499235 17.275642 16.802258 16.716049 16.580057 16.732664 16.461115 16.104670 15.962337 16.055819 15.989573 15.986202 16.165680 15.623617 15.373059 15.441541 15.294269 15.149847 15.011024 15.037049 14.524744 14.028186 13.751103 13.794685 13.810987 14.332590 14.305098 14.349773 15.522383 14.082253 13.269973 13.152175 12.964894 12.825705 12.687754 12.573524 12.508562 12.684927 12.430340 12.457343 12.239159 12.331850 12.281265 12.042993 11.788036 11.724536 11.704871 11.782942 10.807822
0.000000 0.000000 0.000000 0.000000 0.000000 18.666319 18.573891 18.374464 18.161676 18.078293 17.495466 16.664120 16.911858 17.617214 17.129408 16.956236 16.671989 16.662004 16.963047 16.210785 16.107889 15.901343 16.089552 16.131981 16.152456 16.029547 15.777668 15.626241 15.129698 14.946784 15.057512 14.951550 14.501888 14.218705 13.812183 13.495605 13.709004 13.322517 12.978976 12.828158 13.248327 14.005297 13.448159 13.092870 12.911199 12.896852 12.790030 12.761689 12.815687 12.754159 12.451406 12.257494 11.933812 11.971630 12.580574 12.426473 11.860579 11.356320 11.130896 11.364791 10.880451
0.000000 0.000000 0.000000 0.000000 0.000000 18.890335 18.553299 18.305912 18.186663 17.901806 17.519028 16.789833 17.217585 17.319874 17.294691 16.861055 16.591026 16.931400 16.360432 16.431248 15.896861 15.493957 15.587530 15.680675 15.303782 15.272144 15.185093 15.124980 15.147286 14.857133 14.927618 14.355720 14.254110 14.664133 13.786425 13.341392 13.372492 12.969216 12.835132 12.737960 12.701577 12.713264 12.805990 12.451649 12.494513 12.216349 11.776758 11.822492 12.020059 11.748674 11.480795 11.370409 11.086580 11.114062 11.834852 12.371362 11.915581 11.007585 10.849879 11.633665 11.733396
