RUN_GSSHA/Waiahole_FIM_EXAMPLE/Waiahole_FIM_Model.ele
north: 2376554.100000
south: 2375484.100000
east: 620075.500000
west: 618205.500000
rows: 107
cols: 187
[rows 54 to 80 of 107, columns 122 to 182 of 187]
4.755037 4.017693 3.821409 3.595640 3.477674 3.356927 3.347946 3.384331 3.481425 3.488816 3.291956 3.291391 3.557882 3.517785 3.361220 3.137748 3.193941 2.959744 2.894818 3.075849 3.420037 3.452759 2.265670 1.904350 1.868386 1.868460 1.846846 2.160381 2.298788 2.256992 2.360166 2.070209 2.083543 2.183292 1.961740 2.067806 1.778648 1.614640 1.453079 0.809936 0.849407 1.156882 1.484743 1.456185 1.369269 1.307009 0.999579 0.958770 0.947469 0.890230 1.018902 1.032728 0.999406 1.306858 0.822209 0.366987 0.430972 0.209041 -0.034312 -0.090541 -0.149932
7.624706 5.597260 4.360394 3.991556 3.841962 3.912820 3.775971 3.540727 3.656659 3.742225 3.723155 3.688288 3.609209 3.516514 3.387546 3.354331 3.272056 3.147269 2.974067 2.944121 3.257097 3.576185 2.467230 2.010712 2.028322 1.999768 1.944176 2.019205 2.304114 2.381721 2.397778 2.500733 2.454120 2.318486 2.580576 2.012933 1.882759 1.958364 1.724787 1.564679 1.221513 1.171671 1.408029 1.342177 1.515244 1.294207 1.198841 1.181309 1.098831 0.974723 0.971297 0.790767 0.834327 1.044669 0.621121 0.436984 0.310108 0.133132 -0.045794 -0.101193 0.000000
9.589834 7.866088 5.656306 4.406694 4.500757 4.255869 4.168003 3.999203 3.725227 3.805867 3.847399 3.833884 3.733631 3.611669 3.549201 3.528573 3.454886 3.313441 3.050179 2.918225 3.057653 3.450844 3.199224 2.068320 2.100301 2.022510 1.959232 2.043830 2.435445 2.602368 2.402757 2.504518 2.208716 1.988194 2.230493 1.768134 2.279605 2.215598 1.860602 1.786314 2.276695 1.353439 1.289780 1.716316 1.608823 1.366491 1.331210 1.144326 1.241183 1.046634 0.873431 0.922745 0.816511 0.852700 0.479621 0.540422 0.707036 0.135203 -0.062705 -0.099332 0.000000
9.478181 9.518228 7.881805 5.785402 4.707178 4.243799 4.157901 4.187431 4.138930 4.058012 3.814162 3.903361 3.916600 3.675447 3.647755 3.743749 3.664284 3.296990 3.089055 3.033247 3.050331 3.333760 3.586995 2.151560 2.038512 2.133823 2.187248 2.228366 2.327884 2.628817 2.428471 2.205211 1.917465 2.078061 2.074780 1.910820 2.014735 2.017607 2.092949 1.893745 1.611474 1.486121 1.721585 1.957067 1.457805 1.499474 2.035880 1.264789 1.141664 1.184997 1.419167 0.927266 0.865019 0.520410 0.298902 0.543804 0.405728 -0.009058 -0.074045 -0.089543 0.000000
9.133536 8.538727 7.786892 6.712636 5.160902 4.947294 4.601112 4.181846 4.798831 5.141934 4.420928 3.895762 4.124326 4.203715 4.317526 3.860140 3.502578 3.441711 3.239426 3.171037 3.138722 3.321003 3.607773 2.550189 2.201495 2.194342 2.209216 2.262498 2.509410 2.458768 2.752640 2.627172 2.123775 1.970998 1.854147 1.947241 2.020239 2.158089 2.109880 1.764762 1.411625 2.186595 2.155670 2.476453 2.800570 2.189067 1.561991 1.274934 1.263633 1.010626 1.025214 0.880981 0.883584 0.951624 0.323499 0.314371 0.335675 0.119233 -0.063621 0.000000 0.000000
8.250471 7.466846 6.824534 6.362818 5.789394 6.459074 6.200495 5.333326 4.940884 5.441404 4.625942 4.006490 4.291455 4.292933 4.062951 3.813462 3.599000 3.501613 3.368595 3.320093 3.321126 3.393965 3.672511 3.241413 2.234071 2.167689 2.192692 2.304334 2.625114 3.086741 3.255471 2.984251 2.565181 2.127047 2.283100 2.125028 2.150950 2.182796 1.882044 1.298888 2.083540 2.412786 2.711569 2.406915 2.518931 2.176369 1.500888 1.399640 1.278162 1.270461 1.076944 1.153982 1.048698 1.118310 0.726431 0.331429 0.305678 0.189021 -0.024030 0.000000 0.000000
7.099217 6.915748 6.232315 6.157612 6.226855 6.338066 6.431159 6.328522 5.692592 5.832973 5.440265 4.861539 4.118350 4.113244 3.883410 3.740742 3.647064 3.610195 3.602748 3.585253 3.575908 3.591247 3.765827 3.810539 3.044607 2.669308 2.635306 2.754608 2.836770 2.901400 2.985340 2.709519 2.479849 2.235178 2.310091 2.243589 2.045134 1.680362 1.024153 1.638027 2.043399 2.053483 2.031624 2.679238 4.992719 2.176724 1.560467 1.486525 1.604926 1.559764 1.272248 1.150602 1.069593 1.141047 1.011308 0.314966 0.553948 0.360066 0.017590 0.000000 0.000000
6.749599 6.466227 6.232759 6.153650 6.107163 6.100483 6.121247 5.971560 5.693754 5.204670 4.815009 4.536576 4.184798 4.086808 3.940610 3.865452 3.836335 3.797538 3.803434 3.784319 3.730366 3.724915 3.807926 4.040602 3.727571 3.188454 3.008536 2.949503 2.725784 2.623677 2.762366 2.912267 2.608121 2.603666 2.597740 2.691878 1.842573 1.075282 1.110624 1.887074 1.812778 1.512144 1.437597 2.869328 4.893049 1.900333 2.099104 1.486632 1.449537 1.447549 1.490592 1.023013 0.987833 1.094995 1.115583 0.441873 0.444550 0.105556 0.015739 0.000000 0.000000
6.560671 6.726469 5.910331 4.777221 4.149962 3.861876 4.313340 3.703607 3.668519 3.600000 3.500000 3.400000 3.300000 3.200000 3.800000 4.182820 4.177999 4.073516 3.925905 3.795949 3.630062 3.612282 3.902164 4.215672 3.666517 3.005513 3.112026 3.199689 3.053052 2.818024 2.677747 2.643349 2.697994 2.699805 2.838789 2.073475 1.563236 1.121648 1.940257 1.990026 1.621849 2.126088 1.959053 3.361518 4.908587 3.164390 3.298568 2.588235 2.145328 1.617750 1.697599 1.191906 0.983909 1.108525 1.058967 0.565080 0.366919 0.198122 -0.057755 0.000000 0.000000
5.352652 5.245499 5.085832 4.490774 4.216677 4.770540 4.672895 4.122144 3.291751 3.297786 3.000000 2.600000 2.600000 2.500000 3.100000 3.641496 4.367167 4.252200 4.000000 3.719257 3.768629 3.420486 4.094434 4.332652 3.806185 3.423365 3.630049 3.047483 2.854412 2.605371 2.585742 2.570211 2.772880 2.001171 1.752390 1.819250 1.485701 1.910045 2.133059 2.591647 3.040044 2.972176 2.388569 3.116357 3.842060 3.392760 3.392512 3.389934 2.850862 2.406176 2.055869 1.887346 1.083812 1.041377 0.990525 0.576244 0.362114 0.126883 -0.106256 0.000000 0.000000
5.139676 4.764648 4.489291 4.508723 4.683867 4.677660 4.725399 4.502402 3.434005 3.142888 3.446788 3.255392 3.274775 3.419590 2.500000 2.552122 2.810700 3.244108 4.477094 4.515436 4.120347 4.270532 4.437552 4.465070 3.948754 3.332065 3.710673 3.067194 2.646555 2.593868 2.679473 2.967033 2.927092 1.312717 1.993709 1.827733 1.853978 2.515752 2.492310 2.764506 3.515270 2.667636 2.528079 3.298255 3.641445 3.497188 3.236703 3.103514 2.992049 2.827126 2.735625 2.405583 1.187836 0.999309 0.933561 0.481244 0.323211 0.128610 -0.116397 0.000000 0.000000
5.056879 4.154494 4.742086 4.644013 4.480466 4.583133 4.351359 3.551334 3.790537 4.075199 4.022124 3.965206 3.847661 3.715834 3.746380 3.427060 2.956234 2.494125 2.516062 3.376685 4.287157 4.605757 4.429250 4.510654 4.324958 4.286158 3.600355 3.222826 2.885508 2.907647 3.282138 3.281970 2.430512 1.596001 2.423273 1.745345 2.038952 2.543714 2.582843 2.413890 2.637715 2.394665 2.529852 3.709268 3.594813 3.258518 3.247803 3.120545 2.881480 2.917464 2.734809 2.005018 1.352342 1.112248 0.854435 0.439289 0.284373 0.161516 -0.099243 0.000000 0.000000
5.470050 4.572208 4.819433 4.733794 4.850583 3.817166 3.565694 3.979972 4.148016 4.352206 4.351398 4.160882 4.029044 3.890041 3.685559 3.505146 3.492731 3.543611 2.968975 2.340297 2.316196 2.928546 3.869445 4.326993 4.078753 4.291268 4.099633 3.797251 4.036388 3.694592 3.820265 2.577042 2.089716 2.308456 2.642407 2.083570 2.326982 2.834897 2.628215 2.381779 2.419181 2.533930 3.293851 3.289959 2.984750 3.309724 3.350245 3.250360 2.986057 2.737028 2.231324 1.622031 1.375405 1.116364 0.938214 0.431990 0.301787 0.161106 -0.085330 0.000000 0.000000
5.663861 4.763420 4.198801 4.712500 3.940081 4.197531 4.144471 4.429558 4.463446 4.540895 4.498079 4.312389 4.162330 4.050276 3.800060 3.640840 3.530857 3.496817 3.485747 3.310213 3.016628 2.246933 1.969078 2.200000 2.000000 2.410321 3.216416 2.564376 3.221391 3.089386 3.552532 3.087978 2.852105 2.426120 2.480844 2.482796 2.635618 2.683844 2.776684 2.561213 2.496665 2.910683 2.763366 2.551155 2.254200 3.079824 3.480318 3.322881 2.982898 2.583403 2.135310 1.638979 1.640045 1.330650 1.140364 0.512913 0.235365 0.147254 -0.053538 0.000000 0.000000
4.068312 4.585957 4.634651 4.862930 3.751764 4.427097 4.407001 4.631081 4.771232 4.758867 4.673843 4.511809 4.446946 4.322081 4.048101 3.854787 3.626184 3.563917 3.685459 3.467155 3.208171 3.714643 2.375177 3.098954 3.682518 2.218088 1.972793 2.072348 1.793338 2.336545 2.803957 2.854245 3.265909 2.186377 3.767229 2.668139 2.714131 2.909988 2.751218 3.125741 2.511044 2.823887 2.738256 2.579548 2.469687 3.130703 3.359186 3.250583 3.094892 2.767195 2.526905 2.181984 1.892422 2.026338 1.457084 0.627179 0.237830 0.108143 -0.000772 0.000000 0.000000
4.421345 4.326000 4.295264 4.214033 4.022631 4.351095 4.649993 4.890778 4.949431 4.966058 4.806176 4.803623 4.672501 4.638416 4.274012 4.119253 4.069928 3.867088 3.719921 3.831040 3.242827 3.487004 3.737892 4.454587 4.533680 3.883530 4.573426 3.947746 3.463252 3.844290 3.182944 3.126627 3.665898 5.157394 3.582457 3.786896 3.831981 3.249342 2.624013 2.571868 2.428360 3.071353 3.120404 2.682147 2.358483 2.615770 3.292194 3.013590 2.983421 2.897028 2.602214 2.213664 2.010408 1.790876 1.664163 0.687929 0.279556 0.144878 0.128436 0.000000 0.000000
5.025287 4.907423 4.851312 4.829426 4.853324 4.903535 5.096306 5.193363 5.155198 5.147457 4.979309 5.091605 4.997417 4.793254 4.540985 4.364189 4.186565 4.027254 3.858259 3.851806 3.760315 3.640617 3.776840 4.713495 4.573659 4.188809 4.523300 4.438498 3.667742 3.630035 3.818905 4.366457 3.877470 3.650513 3.211864 4.197469 3.987936 3.328628 2.596300 2.567760 2.485068 2.681914 2.759894 3.070144 2.417282 2.454959 3.063588 3.100885 2.986252 2.802822 2.663764 2.204863 1.947729 1.957181 1.750761 0.855326 0.338025 0.195154 0.201368 -0.057662 0.000000
5.414476 5.327064 5.241335 5.173133 5.183464 5.207725 5.210170 5.171089 5.165431 5.109990 5.012359 5.031767 4.932886 4.854938 4.614004 4.433468 4.301805 4.155223 4.094802 3.980917 3.813483 3.690283 3.760854 4.495671 4.559597 4.177415 4.063756 4.178725 3.673535 3.320282 3.648476 3.569328 3.147250 2.929832 3.158846 4.246358 3.787667 3.840691 3.158349 3.025337 2.454713 2.555910 2.740724 2.827316 2.402334 2.406221 2.574688 2.852991 2.754269 2.726701 2.693183 2.454460 2.258523 2.315891 2.202669 1.218843 0.468337 0.204700 0.241398 -0.048155 0.000000
5.690183 5.649071 5.595552 5.551787 5.526533 5.461948 5.354807 5.335252 5.291719 5.172856 5.098796 5.034831 5.045966 4.862261 4.564619 4.416214 4.292697 4.185118 4.052409 3.957654 3.839039 3.759045 3.711437 4.154593 4.506993 4.267766 3.604811 3.877253 3.371813 3.374341 3.149119 3.251364 3.137246 2.885703 3.081722 3.480736 3.338021 3.436991 3.426041 3.021865 2.603500 2.511350 2.593006 2.520456 2.471345 2.261777 2.215861 2.575387 2.736082 2.608186 2.630677 2.528745 2.227380 2.435217 1.785835 1.604146 0.614050 0.270402 0.183712 -0.048048 0.000000
5.851286 5.851992 5.689105 5.696972 5.669488 5.666957 5.407372 5.308981 5.293744 5.187976 5.054552 4.957866 4.942852 4.772559 4.611868 4.466025 4.347150 4.238159 4.132118 4.027605 3.951618 3.831103 3.775955 3.798779 4.522476 4.443940 3.488168 3.709970 3.463124 3.444667 3.215975 3.318534 3.329700 2.777605 2.934425 3.137717 3.054936 3.173054 3.633343 3.001456 2.694810 2.633610 2.692014 3.058535 2.741898 2.340093 2.169052 2.409104 2.561616 2.672683 2.848640 2.380574 2.677572 2.452922 1.700455 1.826226 0.967881 0.337269 0.171361 -0.055695 0.000000
5.893410 5.890268 5.728069 5.730091 5.664987 5.647096 5.381504 5.306041 5.313585 5.188595 5.107521 4.965501 4.883644 4.734105 4.626912 4.475734 4.387876 4.309201 4.196063 4.112784 4.016769 3.920469 3.834995 3.717174 4.439516 4.505877 3.485742 3.455114 3.341004 3.279360 3.429605 3.248562 3.227354 2.803020 2.886560 3.047066 2.930957 3.021870 3.574267 3.179563 2.612618 2.458004 2.752431 3.276741 3.283275 2.752020 2.294145 2.153229 2.412873 2.731836 2.619871 2.579016 2.701953 3.028186 1.766457 1.437534 1.190080 0.423614 0.219809 -0.015475 0.000000
5.892469 5.804348 5.675663 5.653262 5.621998 5.546673 5.318032 5.180199 5.190527 5.122633 5.007340 4.974784 4.839503 4.673447 4.623777 4.510608 4.392849 4.318521 4.187823 4.114846 4.016561 3.901412 3.773019 3.893028 4.433739 4.503785 3.579875 3.510338 3.220898 3.308694 3.290286 3.251131 3.429975 2.998558 2.862254 2.983735 3.018418 3.237353 4.074764 3.490590 2.760718 2.673660 3.289913 3.572344 3.745564 3.432420 2.251471 2.236819 2.450871 2.406123 2.061723 2.771633 2.752693 2.690652 1.647383 1.418894 1.137247 0.342243 0.272503 0.090123 0.000000
5.919962 5.838596 5.649014 5.593403 5.500818 5.452001 5.367174 5.336140 5.249945 5.124465 4.949155 4.901031 4.853432 4.649045 4.559623 4.436001 4.383175 4.288618 4.126344 4.068018 4.013347 3.970701 3.873320 3.742584 4.056329 4.542102 3.889133 3.581518 3.424824 3.223876 3.333742 3.235061 3.958260 3.580762 2.828846 2.884291 3.009172 3.564276 4.023705 3.786490 3.766043 3.558496 3.956334 3.691332 3.183096 3.032979 2.432888 2.176295 2.475458 2.227849 2.283713 3.028424 2.721152 2.563489 1.817868 1.421356 0.912385 0.581747 0.303249 0.144521 0.000000
5.968526 5.875993 5.729877 5.696523 5.614041 5.501694 5.448175 5.369934 5.323477 5.076284 5.038399 5.001565 4.939589 4.831561 4.693760 4.610767 4.521769 4.362772 4.235752 4.217451 4.176327 4.036322 3.908569 3.834647 3.865418 4.504317 4.097991 3.372339 3.361894 3.227628 3.221258 3.291095 3.477893 3.781545 2.939555 2.907713 3.070603 3.218643 3.947193 4.126117 4.040460 4.147746 4.273224 3.461492 2.890544 2.660408 2.396063 2.124722 2.088534 2.518614 2.087285 2.502133 2.658833 2.626292 1.624596 1.255208 0.992083 0.817830 0.317431 0.191593 0.000000
5.960212 5.845668 5.704778 5.667789 5.588747 5.527753 5.434734 5.374630 5.304872 5.176541 5.084906 5.038510 4.927578 4.814359 4.720554 4.672551 4.552838 4.377007 4.271461 4.253692 4.178190 4.052691 3.978232 3.929320 3.848326 4.419444 4.354620 3.464398 3.285331 3.356290 3.228424 3.276622 3.861473 4.419071 3.607698 2.969712 3.158614 3.016364 3.555959 4.169179 4.289561 4.348792 4.423786 3.591819 3.014168 2.358000 2.251125 2.193079 2.912878 2.227324 1.764793 1.949174 1.997021 1.863210 1.924974 1.620972 0.929115 0.837918 0.329198 0.167317 0.000000
6.074165 5.685597 5.606612 5.594179 5.485362 5.421662 5.375453 5.385275 5.299930 5.210458 5.076524 4.980154 4.906894 4.867265 4.767095 4.647957 4.567789 4.451753 4.328235 4.291790 4.195493 4.061767 4.025516 3.942618 3.945479 4.377587 4.445939 3.500838 3.267618 3.306179 3.356944 3.297934 3.689129 4.388052 4.249953 3.255267 3.273429 3.270299 3.429856 3.695227 3.712864 3.761212 3.869876 3.093165 2.597896 2.265910 2.133704 2.712639 3.323817 2.363738 2.016927 1.705697 1.611675 1.520075 1.744750 1.723813 0.888094 0.928003 0.358806 0.220729 0.000000
5.796438 5.690497 5.643655 5.620147 5.574076 5.518646 5.466950 5.408655 5.366640 5.348983 5.096246 4.976777 4.891409 4.837436 4.736512 4.635150 4.591366 4.460830 4.340354 4.261564 4.269662 4.114760 4.071140 4.063856 4.093464 4.337090 4.555324 4.021194 3.913122 3.526062 3.785599 3.455704 3.284482 3.578004 3.325662 3.220634 3.232287 3.938214 4.119895 4.226960 3.991538 4.156306 4.172884 3.460409 2.696723 2.314575 2.005774 2.217213 2.243675 1.849639 1.393164 0.999570 1.232213 0.880683 1.086119 0.801027 0.468117 0.621645 0.106407 0.278927 0.000000
