RUN_GSSHA/Waiahole_FIM_EXAMPLE/Waiahole_FIM_Model.ele
north: 2376554.100000
south: 2375484.100000
east: 620075.500000
west: 618205.500000
rows: 107
cols: 187
[rows 27 to 53 of 107, columns 122 to 182 of 187]
0.000000 0.000000 0.000000 0.000000 0.000000 0.000000 0.000000 0.000000 0.000000 0.000000 0.000000 0.000000 0.000000 0.000000 0.000000 0.000000 0.000000 0.000000 0.000000 0.000000 0.000000 0.000000 0.000000 0.000000 0.000000 0.000000 0.000000 0.000000 0.000000 0.000000 0.000000 0.000000 0.000000 0.000000 0.000000 0.000000 0.000000 0.000000 0.000000 -0.099399 -0.038070 0.210439 0.449440 0.265556 0.097899 0.113794 0.085526 0.014904 0.000000 0.000000 0.000000 0.000000 0.000000 0.000000 0.000000 0.000000 0.000000 0.000000 0.000000 0.000000 0.000000
0.068292 0.048339 0.000000 0.000000 0.000000 0.000000 0.000000 0.000000 0.000000 0.000000 0.000000 0.000000 0.000000 0.000000 0.000000 0.000000 0.000000 0.000000 0.000000 0.000000 0.000000 0.000000 0.000000 0.000000 0.000000 0.000000 0.000000 0.000000 0.000000 0.000000 0.000000 0.000000 0.000000 0.000000 0.000000 0.000000 0.000000 0.000000 0.000000 0.075421 0.362526 0.387145 0.579745 0.246298 0.046064 0.273068 0.211581 0.062304 -0.059848 0.000000 0.000000 0.000000 0.000000 0.000000 0.000000 0.000000 0.000000 0.000000 0.000000 0.000000 0.000000
0.223563 0.043253 0.039914 0.000000 0.000000 0.000000 0.000000 0.000000 0.000000 0.000000 0.000000 0.000000 0.000000 0.000000 0.000000 0.000000 0.000000 0.000000 0.000000 0.000000 0.000000 0.000000 0.000000 0.000000 0.000000 0.000000 0.000000 0.000000 0.000000 0.000000 0.000000 0.000000 0.000000 0.000000 0.000000 0.000000 0.000000 0.000000 0.238338 0.476647 0.435655 0.581217 0.738314 0.476922 0.131423 0.393156 0.186312 0.167124 0.007918 0.000000 0.000000 0.000000 0.000000 0.000000 0.000000 0.000000 0.000000 0.000000 0.000000 0.000000 0.000000
0.948667 0.359404 0.083170 0.122391 0.000000 0.000000 0.000000 0.000000 0.000000 0.000000 0.000000 0.000000 0.000000 0.000000 0.000000 0.000000 0.000000 0.000000 0.000000 0.000000 0.000000 0.000000 0.000000 0.000000 0.000000 0.000000 0.000000 0.000000 0.000000 0.000000 0.000000 0.000000 0.000000 0.000000 0.000000 0.000000 0.000000 0.328406 0.423006 0.422106 0.408500 0.760744 0.689687 0.597412 0.156370 0.489801 0.432824 0.237775 0.097453 0.042583 0.000000 0.000000 0.000000 0.000000 0.000000 0.000000 0.000000 0.000000 0.000000 0.000000 0.000000
1.140007 1.014472 0.628018 0.174255 -0.008182 -0.092596 0.000000 0.000000 0.000000 0.000000 0.000000 0.000000 0.000000 0.000000 0.000000 0.000000 0.000000 0.000000 0.000000 0.000000 0.000000 0.000000 0.000000 0.000000 0.000000 0.000000 0.000000 0.000000 0.000000 0.000000 0.000000 0.000000 0.000000 0.000000 0.000000 0.000000 0.000000 0.330651 0.285244 0.373933 0.685611 0.716052 0.799407 0.574342 0.123111 0.640924 0.564249 0.225287 0.067106 0.074535 0.024560 0.000000 0.000000 0.000000 0.000000 0.000000 0.000000 0.000000 0.000000 0.000000 0.000000
1.077306 1.058801 1.114199 1.037574 0.488915 0.132727 0.015320 -0.080878 -0.136872 0.000000 0.000000 0.000000 0.000000 0.000000 0.000000 0.000000 0.000000 0.000000 0.000000 0.000000 0.000000 0.000000 0.000000 0.000000 0.000000 0.000000 0.000000 0.000000 0.000000 0.000000 0.000000 0.000000 0.000000 0.000000 0.000000 0.000000 0.212399 0.175973 0.210478 0.715636 0.782159 0.683091 0.816532 0.636510 0.188188 0.515661 0.727258 0.512240 0.343192 0.310843 -0.084995 -0.101511 0.000000 0.000000 0.000000 0.000000 0.000000 0.000000 0.000000 0.000000 0.000000
1.042166 1.140803 1.369021 1.488705 1.368094 0.952685 0.326629 0.006258 -0.082031 -0.114761 -0.128874 0.000000 0.000000 0.000000 0.000000 0.000000 0.000000 0.000000 0.000000 0.000000 0.000000 0.000000 0.000000 0.000000 0.000000 0.000000 0.000000 0.000000 0.000000 0.000000 0.000000 0.000000 0.000000 0.000000 0.000000 -0.009299 0.095538 0.351570 0.672958 0.806406 0.719490 0.593966 0.501927 0.611356 0.400794 0.482923 0.847200 0.754723 0.519538 0.081310 -0.090827 -0.015930 0.043434 0.000000 0.000000 0.000000 0.000000 0.000000 0.000000 0.000000 0.000000
1.045820 1.269629 1.593678 1.672368 1.568450 1.488506 1.208216 0.755891 0.221524 0.119370 0.050446 0.385314 0.383186 0.396938 0.000000 0.000000 0.000000 0.000000 0.000000 0.000000 0.000000 0.000000 0.000000 0.000000 0.000000 0.000000 0.000000 0.000000 0.000000 0.000000 0.000000 0.000000 0.000000 0.000000 0.354328 0.359783 0.194306 0.677816 0.827324 0.856059 0.785101 0.599895 0.581257 0.575708 0.606840 0.483863 0.813955 0.762196 0.290039 0.099024 0.297898 0.402982 0.201112 0.085051 0.000000 0.000000 0.000000 0.000000 0.000000 0.000000 0.000000
1.142939 1.437177 1.678395 1.735160 1.648091 1.594113 1.568604 1.462639 1.146680 0.858734 0.528048 0.490866 0.515310 0.332228 0.107013 -0.014712 0.013878 0.000000 0.000000 0.000000 0.000000 0.000000 0.000000 0.000000 0.000000 0.000000 0.000000 0.000000 0.000000 0.000000 0.000000 0.000000 0.000000 0.192615 0.109507 0.205591 0.244764 0.764616 0.706470 0.796244 0.654318 0.593406 0.652528 0.632768 0.666105 0.684747 0.757329 0.272533 0.015416 0.171340 0.568774 0.572665 0.452274 0.095479 0.015252 -0.018816 0.000000 0.000000 0.000000 0.000000 0.000000
1.326342 1.496353 1.645913 1.714234 1.753815 1.744051 1.706315 1.661090 1.570055 1.489984 1.476554 1.650929 1.838734 1.797468 1.215521 0.827392 0.246775 0.030737 -0.014378 -0.060494 0.000000 0.000000 0.000000 0.000000 0.000000 0.000000 0.000000 0.000000 0.000000 0.000000 0.000000 0.000000 0.089523 0.315125 0.159670 0.235462 0.437569 0.827615 0.868438 0.723160 0.708984 0.712010 0.708514 0.617413 0.726447 0.844620 0.476242 0.354726 0.463791 0.591154 0.591689 0.522959 0.366331 0.070057 0.047230 -0.021802 -0.081185 0.000000 0.000000 0.000000 0.000000
1.632194 1.580572 1.662215 1.747219 1.751766 1.805103 1.812395 1.800149 1.713735 1.639223 1.601393 1.625043 1.613529 1.656043 1.931185 2.045133 1.618400 0.677601 0.146234 0.222202 0.202705 0.023595 -0.080013 0.000000 0.000000 0.000000 0.000000 0.000000 0.000000 0.000000 0.000000 0.252407 0.207799 0.241394 0.280362 0.477852 0.608681 0.827949 0.792099 0.743584 0.765875 0.703109 0.653269 0.832866 0.834568 0.840785 0.300016 0.764704 0.797412 0.773503 0.684590 0.557442 0.346017 0.030329 0.000318 -0.037253 -0.083301 -0.069886 -0.027501 0.000000 0.000000
1.593642 1.730980 1.756099 1.835346 1.919095 1.875679 1.905755 1.889112 1.846812 1.776785 1.740035 1.737870 1.725294 1.666723 1.597316 1.659460 1.921819 1.794156 1.073927 0.465468 0.315334 0.292333 0.154483 0.362212 0.232578 0.295158 0.128869 0.027397 0.010721 0.139411 0.281578 0.330626 0.231843 0.305719 0.596311 0.737040 0.704854 0.804396 0.641115 0.728946 0.735447 0.683666 0.621002 0.673386 0.554667 0.589719 0.163178 0.778490 0.877206 0.830177 0.675125 0.483227 0.208148 0.003203 0.003390 -0.014513 -0.052807 -0.019071 0.064661 0.030521 0.000000
1.764715 1.817806 1.804589 1.899463 1.985672 2.067884 2.030174 1.995090 1.952931 1.913762 1.925822 1.910680 1.919643 1.873348 1.759376 1.741570 1.740391 1.787895 1.544709 1.231077 1.101063 0.701421 0.417190 0.353365 0.505111 1.031564 0.535262 0.367927 0.448482 0.387069 0.430179 0.612072 0.525107 0.683664 0.733872 0.821921 0.713883 0.773625 0.836840 0.772344 0.692485 0.745498 0.756268 0.822253 0.685244 0.827093 0.448011 0.592178 0.906257 0.902177 0.524864 0.322406 0.227358 0.056719 0.046084 0.002671 0.002374 0.015013 0.068281 0.021474 -0.000274
2.110833 2.058548 1.873164 1.878190 2.049580 2.104067 2.164819 2.158986 2.106474 2.111093 2.086701 2.086195 2.114185 2.094459 2.044288 1.999097 1.990432 1.944127 1.884553 1.783805 1.907069 1.773844 1.563461 1.562725 1.416865 1.155437 0.586909 0.571620 0.812440 1.203698 0.679765 0.747250 0.673172 0.958600 1.230047 1.193984 0.943930 1.088464 1.637956 1.140312 0.970856 1.198218 0.945826 1.026830 0.737668 0.656283 0.411961 0.707416 0.801174 0.898100 0.618299 0.429485 0.208180 0.262361 0.085307 0.011021 0.037706 -0.023010 -0.022307 -0.010013 -0.013441
2.028157 2.114074 2.088829 2.049585 2.054365 2.216611 2.276639 2.261940 2.215226 2.229022 2.244520 2.201019 2.256146 2.284261 2.257574 2.243483 2.208275 2.151871 2.077303 2.035688 2.072137 1.880338 1.791035 1.764580 1.833748 2.135383 2.490823 2.146368 1.879828 1.496976 1.550946 1.450269 1.030546 1.497302 2.287524 1.383893 1.463089 1.748946 2.069422 1.606828 1.406137 1.144640 1.140238 1.285374 0.633042 0.703857 0.537464 0.819302 0.884360 1.111321 0.933812 0.406532 0.389643 0.428280 0.171091 0.048229 0.036381 -0.008578 0.026303 0.061967 0.021798
2.048893 2.148416 2.254000 2.212727 2.110670 2.036285 2.286431 2.506239 2.452486 2.398473 2.356124 2.318053 2.297542 2.406962 2.411670 2.412444 2.393967 2.334021 2.249807 2.198485 2.194819 2.180810 2.090915 2.036360 2.051191 2.257593 2.889182 3.050444 2.660754 1.934989 1.540676 1.753983 1.778088 1.410707 1.204391 1.207485 1.601542 1.583140 1.412763 1.853440 1.612090 1.309626 1.206622 0.611460 1.277328 0.948166 0.547451 0.851452 0.947101 1.167037 1.162955 0.654949 0.302884 0.250308 0.222274 0.107920 0.027014 0.041281 0.111018 0.039988 0.004547
2.101339 2.234085 2.450897 2.370545 2.242306 2.228157 2.161873 2.333278 2.741713 2.722382 2.550129 2.492939 2.441248 2.467474 2.465621 2.486141 2.529075 2.444381 2.392109 2.398810 2.387132 2.325877 2.254435 2.156827 2.068842 2.601288 2.881937 2.924191 2.588407 1.887121 1.354574 1.444509 1.641967 1.662660 1.593891 1.446041 1.401419 1.473465 1.197421 1.877179 1.665321 1.253713 0.602161 1.188606 0.849919 0.827227 0.785774 0.960454 1.139871 0.968017 1.219995 1.170254 0.409212 0.227590 0.297842 0.171192 0.050063 0.008362 0.073022 0.045031 -0.012446
2.240608 2.285062 2.357152 2.399717 2.393177 2.388562 2.378820 2.413586 2.320864 2.897679 2.952852 2.763963 2.627057 2.540049 2.442017 2.500348 2.602267 2.597527 2.508121 2.491966 2.467598 2.403310 2.262364 2.193050 2.113311 2.451871 2.789535 2.886788 2.826014 1.927475 1.513701 1.569523 1.792791 1.878293 1.624448 1.701387 1.435592 1.289412 1.360587 1.577286 1.308040 1.003447 0.621428 1.795927 0.811746 0.663334 0.764278 0.922268 1.107871 0.978361 1.028810 1.120596 0.558538 0.260654 0.408709 0.276344 0.147745 -0.021412 -0.005027 -0.004404 0.013634
2.382710 2.396254 2.434552 2.427325 2.512845 2.615336 2.565677 2.602557 2.669015 2.820531 2.879350 3.141536 2.927706 2.595508 2.503905 2.526805 2.634163 2.648864 2.605503 2.532518 2.491388 2.443148 2.311665 2.175441 2.172316 2.173987 2.633159 2.772403 2.761154 2.380466 1.966952 2.021828 2.317024 2.209125 1.827336 1.609992 1.477953 1.321200 1.292179 1.300987 1.366953 0.920644 1.559892 1.769279 1.005175 0.790980 0.800012 0.993832 1.235840 0.979361 0.939077 0.855722 0.820486 0.401044 0.339269 0.339840 0.224286 -0.005842 0.024945 0.028840 0.072180
2.378581 2.522162 2.581072 2.566050 2.688863 2.835248 2.720201 2.708271 2.782506 2.827263 2.759423 2.905198 3.256407 3.185322 2.805765 2.600863 2.686555 2.705862 2.680610 2.592628 2.519829 2.451477 2.370864 2.238433 2.157761 1.998299 2.184247 2.322628 2.475461 2.714921 2.459927 2.229131 2.346467 2.036482 1.961760 1.731664 1.546434 1.323964 1.091254 1.158819 1.263069 0.968068 2.493346 1.664884 0.823561 0.775086 0.948803 0.941793 1.026325 0.982923 0.980203 0.846379 0.983163 0.467695 0.403545 0.315643 0.226299 0.141261 0.158658 0.006331 0.022253
2.489611 2.551239 2.629094 2.649813 2.733155 2.858527 2.870193 2.854856 2.922202 2.929969 2.728134 2.683999 2.865006 3.300991 3.337760 3.040293 2.762018 2.739047 2.744807 2.713150 2.590964 2.492257 2.421438 2.254063 2.082112 1.964264 2.094881 2.562148 2.700539 2.981532 2.656972 2.224369 2.072521 1.752653 1.760769 1.513154 1.601325 1.343886 1.248822 1.241718 0.843756 1.373686 1.309011 0.911184 0.943843 0.967184 1.341182 1.276828 1.031456 1.061636 0.761444 0.852805 1.022441 0.793348 0.337552 0.411339 0.331749 0.270298 0.183583 -0.012603 -0.004040
2.583546 2.620457 2.669333 2.699275 2.809562 2.931637 2.988491 3.046298 3.077965 2.876732 2.734955 2.882134 2.769714 2.795644 3.206988 3.464713 3.243562 2.935366 2.706777 2.626351 2.551021 2.513167 2.441431 2.200068 2.075555 2.185447 2.219357 2.876179 3.495706 3.290489 3.202461 2.715361 2.140615 1.923092 1.706028 1.516317 1.487553 1.301803 1.411041 1.412153 0.921462 1.021694 0.979163 0.906828 0.869237 1.282454 1.330654 2.243411 1.234363 0.949764 0.891190 1.127550 0.888661 0.906382 0.470811 0.423836 0.397104 0.271333 0.073465 0.006829 -0.003781
2.586494 2.747347 2.785234 2.803747 2.897579 3.072469 3.156566 3.155682 3.093773 2.782649 2.934832 2.888441 2.858541 2.799692 2.858351 3.135960 3.443192 3.513914 2.782844 2.562135 2.589710 2.534540 2.556819 2.375587 2.307227 2.250076 2.113487 2.622288 3.012396 3.035445 2.910734 2.886486 2.252403 1.911675 1.540096 1.332042 1.316418 1.318132 1.261592 1.466716 0.723557 0.996237 1.150851 0.956047 0.960434 1.417128 1.847404 2.354410 1.537390 1.187090 0.785202 0.788259 0.648339 0.559872 0.645041 0.366862 0.492410 0.228387 0.030303 0.073661 0.044087
2.997640 2.788860 2.716365 2.869732 2.991062 3.152653 3.303292 3.257473 3.008347 2.964354 3.048537 2.988530 2.925604 2.894595 2.922460 3.021441 3.056055 3.431866 3.396036 2.893776 2.699525 2.688180 2.729811 2.657849 2.345630 2.066679 2.487741 2.463193 2.666180 2.748903 2.983950 2.778603 2.189166 1.791406 1.718217 1.355121 1.408017 1.319903 1.426938 1.444679 0.781463 0.959910 0.991648 0.969874 1.556941 1.561452 2.071162 1.474738 1.045458 1.082173 0.836615 0.930896 1.091355 0.961410 0.984494 0.407870 0.360646 0.300976 0.046921 0.069226 0.085540
3.295535 3.173768 2.756942 2.777076 2.991386 3.317116 3.369130 3.183683 2.994343 3.034563 3.015925 3.257844 3.142647 3.024161 2.971098 2.920219 2.827918 2.959991 3.460935 3.327708 2.480080 2.343925 2.196460 2.015740 1.936943 1.828075 2.473893 2.349870 2.322697 2.457998 2.677003 3.085367 2.744792 2.152545 1.736465 1.477584 1.524379 1.323776 1.750548 1.219275 0.631965 1.030141 1.088699 1.259256 2.293292 2.683145 1.391264 1.149596 1.107160 1.098337 0.854522 1.149067 1.311535 1.288520 1.015279 0.350980 0.426304 0.411720 0.241175 0.124457 0.073091
3.511263 3.272750 2.901540 2.955192 2.966072 3.195095 3.376014 3.199694 3.128169 3.051119 3.052478 3.136745 3.137673 3.171398 3.178462 2.934521 2.813452 2.814785 3.195565 3.492641 2.958062 2.252557 2.016258 1.950776 1.869154 1.745044 2.154271 2.227221 2.266952 2.318432 2.385267 2.367465 2.652529 2.631656 1.998005 1.735552 1.684149 1.453143 1.842739 0.961846 0.649459 1.141884 1.043227 1.604066 2.966854 3.331290 1.839120 1.216304 1.021159 1.252888 1.110464 1.227966 1.361706 1.232780 0.978625 0.366102 0.419066 0.403556 0.259824 0.060059 0.049815
3.651941 3.493674 3.257206 3.171162 3.165656 3.306849 3.146454 3.287695 3.285461 3.060522 3.092461 3.156597 3.243301 3.594052 3.726749 3.068286 2.899755 2.867998 2.956901 3.320120 3.586133 2.619058 2.275650 1.861387 1.791207 1.766388 1.792401 2.211497 2.223086 2.249439 2.322471 2.103695 2.201789 3.153425 2.468466 1.933572 1.546860 1.483827 1.582168 0.844936 0.812989 1.449341 1.296642 1.487761 2.044590 2.761205 1.429676 0.943569 1.400116 1.032531 1.065851 1.127870 1.258263 1.255017 0.988620 0.378440 0.493772 0.264266 0.145026 -0.015100 -0.064870
